Convoy has 34 elements starting at 2500 and ending at 2999
[396, 397, 398, 399, 400, 401, 402, 403, 404, 405, 406, 407, 408, 414, 415, 416, 417, 418, 419, 420, 426, 427, 439, 1126, 1127, 1128, 1129, 1130, 1131, 1132, 1133, 1143, 1152, 6011]
Convoy has 34 elements starting at 2500 and ending at 2999
[396, 397, 398, 399, 400, 401, 402, 403, 404, 405, 406, 407, 408, 414, 415, 416, 417, 418, 419, 420, 426, 427, 439, 1126, 1127, 1128, 1129, 1130, 1131, 1132, 1133, 1143, 1152, 6011]
Convoy has 34 elements starting at 2500 and ending at 2999
[396, 397, 398, 399, 400, 401, 402, 403, 404, 405, 406, 407, 408, 414, 415, 416, 417, 418, 419, 420, 426, 427, 439, 1126, 1127, 1128, 1129, 1130, 1131, 1132, 1133, 1143, 1152, 6011]
Convoy has 34 elements starting at 2500 and ending at 2999
[396, 397, 398, 399, 400, 401, 402, 403, 404, 405, 406, 407, 408, 414, 415, 416, 417, 418, 419, 420, 426, 427, 439, 1126, 1127, 1128, 1129, 1130, 1131, 1132, 1133, 1143, 1152, 6011]
Convoy has 43 elements starting at 3000 and ending at 3499
[396, 397, 398, 399, 400, 401, 402, 403, 404, 405, 406, 415, 427, 439, 440, 441, 442, 443, 444, 445, 446, 447, 448, 450, 459, 471, 483, 1126, 1127, 1128, 1129, 1130, 1131, 1132, 1133, 1163, 1164, 1165, 1166, 1167, 1168, 1169, 1170]
Convoy has 43 elements starting at 3000 and ending at 3499
[396, 397, 398, 399, 400, 401, 402, 403, 404, 405, 406, 415, 427, 439, 440, 441, 442, 443, 444, 445, 446, 447, 448, 450, 459, 471, 483, 1126, 1127, 1128, 1129, 1130, 1131, 1132, 1133, 1163, 1164, 1165, 1166, 1167, 1168, 1169, 1170]
Convoy has 45 elements starting at 4500 and ending at 4999
[352, 353, 354, 355, 356, 357, 358, 359, 371, 383, 395, 396, 397, 398, 399, 400, 401, 402, 403, 404, 405, 406, 407, 408, 414, 415, 427, 439, 1089, 1090, 1091, 1092, 1093, 1094, 1095, 1126, 1127, 1128, 1129, 1130, 1131, 1132, 1133, 1134, 6011]
Convoy has 45 elements starting at 4500 and ending at 4999
[352, 353, 354, 355, 356, 357, 358, 359, 371, 383, 395, 396, 397, 398, 399, 400, 401, 402, 403, 404, 405, 406, 407, 408, 414, 415, 427, 439, 1089, 1090, 1091, 1092, 1093, 1094, 1095, 1126, 1127, 1128, 1129, 1130, 1131, 1132, 1133, 1134, 6011]
Convoy has 45 elements starting at 4500 and ending at 4999
[352, 353, 354, 355, 356, 357, 358, 359, 371, 383, 395, 396, 397, 398, 399, 400, 401, 402, 403, 404, 405, 406, 407, 408, 414, 415, 427, 439, 1089, 1090, 1091, 1092, 1093, 1094, 1095, 1126, 1127, 1128, 1129, 1130, 1131, 1132, 1133, 1134, 6011]
Convoy has 45 elements starting at 4500 and ending at 4999
[352, 353, 354, 355, 356, 357, 358, 359, 371, 383, 395, 396, 397, 398, 399, 400, 401, 402, 403, 404, 405, 406, 407, 408, 414, 415, 427, 439, 1089, 1090, 1091, 1092, 1093, 1094, 1095, 1126, 1127, 1128, 1129, 1130, 1131, 1132, 1133, 1134, 6011]
Convoy has 55 elements starting at 5500 and ending at 5999
[396, 397, 398, 399, 400, 401, 402, 403, 404, 405, 406, 415, 416, 417, 418, 419, 420, 426, 427, 428, 429, 430, 431, 432, 438, 439, 440, 441, 442, 443, 444, 445, 446, 447, 459, 471, 483, 1126, 1127, 1128, 1129, 1130, 1131, 1132, 1133, 1143, 1153, 1163, 1164, 1165, 1166, 1167, 1168, 1169, 1205]
Convoy has 55 elements starting at 5500 and ending at 5999
[396, 397, 398, 399, 400, 401, 402, 403, 404, 405, 406, 415, 416, 417, 418, 419, 420, 426, 427, 428, 429, 430, 431, 432, 438, 439, 440, 441, 442, 443, 444, 445, 446, 447, 459, 471, 483, 1126, 1127, 1128, 1129, 1130, 1131, 1132, 1133, 1143, 1153, 1163, 1164, 1165, 1166, 1167, 1168, 1169, 1205]
Convoy has 31 elements starting at 6000 and ending at 6999
[396, 397, 398, 399, 400, 401, 402, 403, 404, 405, 406, 415, 416, 417, 418, 419, 420, 426, 427, 439, 1126, 1127, 1128, 1129, 1130, 1131, 1132, 1133, 1143, 1144, 1152]
Convoy has 31 elements starting at 6000 and ending at 6999
[396, 397, 398, 399, 400, 401, 402, 403, 404, 405, 406, 415, 416, 417, 418, 419, 420, 426, 427, 439, 1126, 1127, 1128, 1129, 1130, 1131, 1132, 1133, 1143, 1144, 1152]
