Convoy has 30 elements starting at 31967 and ending at 32040
[1, 10, 11, 13, 14, 15, 18, 19, 21, 22, 23, 24, 27, 30, 31, 32, 34, 35, 36, 39, 54, 58, 63, 67, 68, 69, 216, 217, 228, 229]
Convoy has 30 elements starting at 31967 and ending at 32040
[1, 10, 11, 13, 14, 15, 18, 19, 21, 22, 23, 24, 27, 30, 31, 32, 34, 35, 36, 39, 54, 58, 63, 67, 68, 69, 216, 217, 228, 229]
Convoy has 30 elements starting at 41471 and ending at 41550
[10, 11, 13, 14, 15, 18, 19, 20, 21, 22, 23, 24, 25, 26, 27, 30, 31, 32, 34, 35, 36, 54, 58, 59, 216, 217, 222, 223, 228, 229]
Convoy has 30 elements starting at 41471 and ending at 41550
[10, 11, 13, 14, 15, 18, 19, 20, 21, 22, 23, 24, 25, 26, 27, 30, 31, 32, 34, 35, 36, 54, 58, 59, 216, 217, 222, 223, 228, 229]
Convoy has 31 elements starting at 41824 and ending at 41875
[10, 11, 13, 14, 15, 18, 19, 20, 21, 22, 23, 24, 25, 26, 27, 30, 31, 32, 34, 35, 36, 54, 58, 59, 80, 216, 217, 222, 223, 228, 229]
Convoy has 31 elements starting at 41824 and ending at 41875
[10, 11, 13, 14, 15, 18, 19, 20, 21, 22, 23, 24, 25, 26, 27, 30, 31, 32, 34, 35, 36, 54, 58, 59, 80, 216, 217, 222, 223, 228, 229]
Convoy has 30 elements starting at 42175 and ending at 42257
[10, 11, 13, 14, 15, 18, 19, 20, 21, 22, 23, 24, 25, 26, 27, 30, 31, 32, 34, 35, 36, 54, 58, 59, 216, 217, 222, 223, 228, 229]
Convoy has 30 elements starting at 42175 and ending at 42257
[10, 11, 13, 14, 15, 18, 19, 20, 21, 22, 23, 24, 25, 26, 27, 30, 31, 32, 34, 35, 36, 54, 58, 59, 216, 217, 222, 223, 228, 229]
Convoy has 31 elements starting at 42260 and ending at 42350
[10, 11, 13, 14, 15, 18, 19, 20, 21, 22, 23, 24, 25, 26, 27, 30, 31, 32, 34, 35, 36, 54, 58, 59, 80, 216, 217, 222, 223, 228, 229]
Convoy has 31 elements starting at 42260 and ending at 42350
[10, 11, 13, 14, 15, 18, 19, 20, 21, 22, 23, 24, 25, 26, 27, 30, 31, 32, 34, 35, 36, 54, 58, 59, 80, 216, 217, 222, 223, 228, 229]
Convoy has 30 elements starting at 42955 and ending at 43097
[1, 10, 11, 13, 14, 15, 18, 19, 20, 21, 22, 23, 24, 25, 26, 27, 30, 31, 32, 34, 35, 36, 58, 59, 216, 217, 222, 223, 228, 229]
Convoy has 30 elements starting at 42955 and ending at 43097
[1, 10, 11, 13, 14, 15, 18, 19, 20, 21, 22, 23, 24, 25, 26, 27, 30, 31, 32, 34, 35, 36, 58, 59, 216, 217, 222, 223, 228, 229]
Convoy has 30 elements starting at 43098 and ending at 43147
[1, 10, 11, 13, 14, 15, 18, 19, 21, 22, 23, 24, 25, 26, 27, 30, 31, 32, 34, 35, 36, 39, 54, 58, 59, 216, 217, 222, 228, 229]
Convoy has 30 elements starting at 43098 and ending at 43147
[1, 10, 11, 13, 14, 15, 18, 19, 21, 22, 23, 24, 25, 26, 27, 30, 31, 32, 34, 35, 36, 39, 54, 58, 59, 216, 217, 222, 228, 229]
Convoy has 30 elements starting at 43175 and ending at 43228
[1, 10, 11, 13, 14, 15, 18, 19, 20, 21, 22, 23, 24, 25, 26, 27, 30, 31, 32, 34, 35, 36, 39, 58, 59, 80, 216, 217, 228, 229]
Convoy has 30 elements starting at 43175 and ending at 43228
[1, 10, 11, 13, 14, 15, 18, 19, 20, 21, 22, 23, 24, 25, 26, 27, 30, 31, 32, 34, 35, 36, 39, 58, 59, 80, 216, 217, 228, 229]
Convoy has 31 elements starting at 51465 and ending at 51535
[1, 10, 11, 13, 14, 15, 18, 19, 20, 21, 22, 23, 24, 25, 26, 27, 30, 31, 32, 35, 54, 58, 59, 63, 80, 216, 217, 226, 227, 228, 229]
Convoy has 31 elements starting at 51465 and ending at 51535
[1, 10, 11, 13, 14, 15, 18, 19, 20, 21, 22, 23, 24, 25, 26, 27, 30, 31, 32, 35, 54, 58, 59, 63, 80, 216, 217, 226, 227, 228, 229]
Convoy has 31 elements starting at 51619 and ending at 51672
[10, 11, 13, 14, 15, 18, 19, 20, 21, 22, 23, 24, 25, 26, 27, 30, 31, 32, 34, 35, 36, 39, 42, 54, 58, 59, 80, 216, 217, 228, 229]
Convoy has 31 elements starting at 51619 and ending at 51672
[10, 11, 13, 14, 15, 18, 19, 20, 21, 22, 23, 24, 25, 26, 27, 30, 31, 32, 34, 35, 36, 39, 42, 54, 58, 59, 80, 216, 217, 228, 229]
Convoy has 30 elements starting at 51929 and ending at 52023
[10, 11, 13, 14, 15, 18, 19, 20, 21, 22, 23, 24, 27, 30, 31, 32, 34, 35, 36, 54, 58, 59, 63, 80, 216, 217, 228, 229, 234, 235]
Convoy has 30 elements starting at 51929 and ending at 52023
[10, 11, 13, 14, 15, 18, 19, 20, 21, 22, 23, 24, 27, 30, 31, 32, 34, 35, 36, 54, 58, 59, 63, 80, 216, 217, 228, 229, 234, 235]
Convoy has 30 elements starting at 52196 and ending at 52301
[1, 10, 11, 13, 14, 15, 18, 19, 20, 21, 22, 23, 24, 27, 30, 31, 32, 34, 35, 36, 39, 42, 54, 58, 59, 80, 216, 217, 228, 229]
Convoy has 30 elements starting at 52196 and ending at 52301
[1, 10, 11, 13, 14, 15, 18, 19, 20, 21, 22, 23, 24, 27, 30, 31, 32, 34, 35, 36, 39, 42, 54, 58, 59, 80, 216, 217, 228, 229]
Convoy has 30 elements starting at 52353 and ending at 52403
[1, 10, 11, 13, 14, 15, 18, 19, 21, 22, 23, 24, 25, 26, 27, 30, 31, 32, 34, 35, 36, 39, 42, 54, 58, 59, 216, 217, 228, 229]
Convoy has 30 elements starting at 52353 and ending at 52403
[1, 10, 11, 13, 14, 15, 18, 19, 21, 22, 23, 24, 25, 26, 27, 30, 31, 32, 34, 35, 36, 39, 42, 54, 58, 59, 216, 217, 228, 229]
Convoy has 30 elements starting at 52744 and ending at 52808
[9, 10, 13, 14, 15, 18, 19, 20, 21, 22, 23, 24, 27, 30, 31, 32, 34, 35, 36, 39, 42, 80, 216, 217, 226, 227, 228, 229, 234, 235]
Convoy has 30 elements starting at 52744 and ending at 52808
[9, 10, 13, 14, 15, 18, 19, 20, 21, 22, 23, 24, 27, 30, 31, 32, 34, 35, 36, 39, 42, 80, 216, 217, 226, 227, 228, 229, 234, 235]
Convoy has 30 elements starting at 53179 and ending at 53245
[6, 9, 10, 13, 14, 15, 17, 18, 19, 20, 21, 22, 23, 24, 27, 30, 31, 32, 34, 35, 36, 39, 42, 80, 226, 227, 228, 229, 234, 235]
Convoy has 30 elements starting at 53179 and ending at 53245
[6, 9, 10, 13, 14, 15, 17, 18, 19, 20, 21, 22, 23, 24, 27, 30, 31, 32, 34, 35, 36, 39, 42, 80, 226, 227, 228, 229, 234, 235]
Convoy has 30 elements starting at 53338 and ending at 53396
[9, 10, 13, 14, 15, 18, 19, 20, 21, 22, 23, 24, 25, 26, 27, 30, 31, 32, 34, 35, 36, 39, 42, 80, 226, 227, 228, 229, 234, 235]
Convoy has 30 elements starting at 53338 and ending at 53396
[9, 10, 13, 14, 15, 18, 19, 20, 21, 22, 23, 24, 25, 26, 27, 30, 31, 32, 34, 35, 36, 39, 42, 80, 226, 227, 228, 229, 234, 235]
Convoy has 30 elements starting at 53397 and ending at 53451
[1, 6, 9, 10, 13, 14, 15, 17, 18, 19, 20, 21, 22, 23, 24, 27, 30, 31, 32, 34, 35, 36, 39, 42, 80, 226, 227, 228, 229, 235]
Convoy has 30 elements starting at 53397 and ending at 53451
[1, 6, 9, 10, 13, 14, 15, 17, 18, 19, 20, 21, 22, 23, 24, 27, 30, 31, 32, 34, 35, 36, 39, 42, 80, 226, 227, 228, 229, 235]
Convoy has 30 elements starting at 55694 and ending at 55748
[1, 9, 10, 11, 13, 14, 15, 18, 19, 20, 21, 22, 23, 24, 25, 26, 27, 30, 31, 32, 34, 35, 36, 80, 216, 217, 226, 227, 228, 229]
Convoy has 30 elements starting at 55694 and ending at 55748
[1, 9, 10, 11, 13, 14, 15, 18, 19, 20, 21, 22, 23, 24, 25, 26, 27, 30, 31, 32, 34, 35, 36, 80, 216, 217, 226, 227, 228, 229]
Convoy has 30 elements starting at 55789 and ending at 55840
[1, 10, 11, 13, 14, 15, 18, 19, 20, 21, 22, 23, 24, 25, 26, 27, 30, 31, 32, 34, 35, 36, 58, 80, 216, 217, 226, 227, 228, 229]
Convoy has 30 elements starting at 55789 and ending at 55840
[1, 10, 11, 13, 14, 15, 18, 19, 20, 21, 22, 23, 24, 25, 26, 27, 30, 31, 32, 34, 35, 36, 58, 80, 216, 217, 226, 227, 228, 229]
